world: 69c5ccca-fa5e-4b09-9742-b88892cf18be
world-name: world
x: -47.38916088699214
y: -6.0
z: 45.452775395339124
yaw: 138.90069580078125
pitch: 20.099937438964844
name: Spawn
lastowner: ba0ef024-c159-4451-a834-ff3be37fc8c0
